Counter({1.0: 24359, 0.0: 17371})

[ 685 1020]
[1020  685]
[16351 23674]
[23674 16351]
[0.94128145 0.97187898]
[0.97187898 0.94128145]
[0.95979103 0.95869442]
[0.95869442 0.95979103]
[0.02812102 0.05871855]
[0.05871855 0.02812102]
[0.04020897 0.04130558]
[0.9591421 0.9591421]
[0.95044613 0.96524168]

1705
1705
40025
40025
0.9591421040019171
0.9591421040019171
0.9591421040019171
0.9591421040019171
0.04085789599808291
0.04085789599808291
0.04085789599808291
0.9591421040019171
0.9591421040019171

tensor(0.9719)
tensor(0.9587)
tensor(0.9652)
