Counter({0.0: 18447, 1.0: 17340, 2.0: 7405})

[1302 1097  377]
[1150 1152  474]
[17297 16188  6931]
[23443 24755 35410]
[0.93765924 0.93356401 0.9359892 ]
[0.94738331 0.95756615 0.98946545]
[0.92999624 0.93653457 0.9484127 ]
[0.95323873 0.95553325 0.98679077]
[0.05261669 0.04243385 0.01053455]
[0.06234076 0.06643599 0.0640108 ]
[0.07000376 0.06346543 0.0515873 ]
[0.94323023 0.94793017 0.98029728]
[0.93381202 0.93504693 0.94215999]

2776
2776
40416
83608
0.9357288386738285
0.9678644193369143
0.9357288386738285
0.9678644193369143
0.03213558066308576
0.06427116132617151
0.06427116132617151
0.9571525591158857
0.9357288386738285

tensor(0.9357)
tensor(0.9383)
tensor(0.9370)
