Counter({1.0: 24295, 0.0: 18654})

[470 403]
[403 470]
[18251 23825]
[23825 18251]
[0.97839605 0.98065446]
[0.98065446 0.97839605]
[0.9748945  0.98336635]
[0.98336635 0.9748945 ]
[0.01934554 0.02160395]
[0.02160395 0.01934554]
[0.0251055  0.01663365]
[0.97967357 0.97967357]
[0.97664214 0.98200853]

873
873
42076
42076
0.9796735663228481
0.9796735663228481
0.9796735663228481
0.9796735663228481
0.02032643367715197
0.02032643367715197
0.02032643367715197
0.9796735663228481
0.9796735663228481

tensor(0.9807)
tensor(0.9834)
tensor(0.9820)
