Counter({1.0: 24353, 0.0: 7344})

[290 624]
[624 290]
[ 6720 24063]
[24063  6720]
[0.91503268 0.98809182]
[0.98809182 0.91503268]
[0.95863053 0.97472354]
[0.97472354 0.95863053]
[0.01190818 0.08496732]
[0.08496732 0.01190818]
[0.04136947 0.02527646]
[0.97116446 0.97116446]
[0.93632437 0.98136215]

914
914
30783
30783
0.9711644635138972
0.9711644635138972
0.9711644635138972
0.9711644635138972
0.028835536486102785
0.028835536486102785
0.028835536486102785
0.9711644635138972
0.9711644635138972

tensor(0.9881)
tensor(0.9747)
tensor(0.9814)
