Counter({1.0: 24286, 0.0: 7411})

[342 268]
[268 342]
[ 7143 23944]
[23944  7143]
[0.96383754 0.98591781]
[0.98591781 0.96383754]
[0.95430862 0.98893111]
[0.98893111 0.95430862]
[0.01408219 0.03616246]
[0.03616246 0.01408219]
[0.04569138 0.01106889]
[0.98075528 0.98075528]
[0.95904941 0.98742216]

610
610
31087
31087
0.9807552765245923
0.9807552765245923
0.9807552765245923
0.9807552765245923
0.019244723475407767
0.019244723475407767
0.019244723475407767
0.9807552765245923
0.9807552765245923

tensor(0.9859)
tensor(0.9889)
tensor(0.9874)
