Counter({0.0: 18525, 1.0: 17364})

[1320 1811]
[1811 1320]
[16714 16044]
[16044 16714]
[0.90224022 0.92398065]
[0.92398065 0.90224022]
[0.92680492 0.89857183]
[0.89857183 0.92680492]
[0.07601935 0.09775978]
[0.09775978 0.07601935]
[0.07319508 0.10142817]
[0.91275878 0.91275878]
[0.91435761 0.91109912]

3131
3131
32758
32758
0.9127587840285324
0.9127587840285324
0.9127587840285324
0.9127587840285324
0.08724121597146758
0.08724121597146758
0.08724121597146758
0.9127587840285324
0.9127587840285324

tensor(0.9240)
tensor(0.8986)
tensor(0.9111)
