Counter({2.0: 24269, 0.0: 17445, 1.0: 7318})

[405 344 843]
[683 492 417]
[16762  6826 23852]
[31182 41370 23920]
[0.96084838 0.93276852 0.98281759]
[0.98717827 0.99175337 0.96595727]
[0.97640823 0.95202232 0.96586354]
[0.97856582 0.9882471  0.9828656 ]
[0.01282173 0.00824663 0.03404273]
[0.03915162 0.06723148 0.01718241]
[0.02359177 0.04797768 0.03413646]
[0.97781041 0.98294991 0.9743025 ]
[0.96856582 0.94229707 0.97426681]

1592
1592
47440
96472
0.9675314080600425
0.9837657040300212
0.9675314080600425
0.9837657040300212
0.01623429596997879
0.03246859193995758
0.03246859193995758
0.9783542720400282
0.9675314080600425

tensor(0.9588)
tensor(0.9648)
tensor(0.9617)
