Counter({2.0: 24400, 0.0: 18481, 1.0: 7371})

[1316  388 1176]
[ 902 1095  883]
[17579  6276 23517]
[30455 42493 24676]
[0.95119312 0.85144485 0.96381148]
[0.95857858 0.9909517  0.95451029]
[0.93035194 0.94177671 0.95237517]
[0.97123449 0.97487841 0.96545248]
[0.04142142 0.0090483  0.04548971]
[0.04880688 0.14855515 0.03618852]
[0.06964806 0.05822329 0.04762483]
[0.95586245 0.97048874 0.95902651]
[0.94065711 0.89433559 0.95805919]

2880
2880
47372
97624
0.9426888482050466
0.9713444241025233
0.9426888482050466
0.9713444241025233
0.028655575897476717
0.057311151794953434
0.057311151794953434
0.961792565470031
0.9426888482050466

tensor(0.9221)
tensor(0.9415)
tensor(0.9310)
