Counter({2.0: 24538, 0.0: 18425, 1.0: 7289})

[785 287 673]
[598 665 482]
[17827  6624 24056]
[31042 42676 25041]
[0.9675441  0.90876663 0.980357  ]
[0.97533541 0.99331983 0.97382749]
[0.95782291 0.958472   0.97278499]
[0.98109987 0.98465656 0.98111507]
[0.02466459 0.00668017 0.02617251]
[0.0324559  0.09123337 0.019643  ]
[0.04217709 0.041528   0.02721501]
[0.97247871 0.98105548 0.97701584]
[0.96265896 0.93295775 0.97655632]

1745
1745
48507
98759
0.9652750139297939
0.9826375069648969
0.9652750139297939
0.9826375069648969
0.01736249303510308
0.03472498607020616
0.03472498607020616
0.9768500092865292
0.9652750139297939

tensor(0.9522)
tensor(0.9630)
tensor(0.9574)
