Counter({0.0: 17262, 1.0: 7375})

[447 509]
[509 447]
[16753  6928]
[ 6928 16753]
[0.97051327 0.93938983]
[0.93938983 0.97051327]
[0.97401163 0.93155842]
[0.93155842 0.97401163]
[0.06061017 0.02948673]
[0.02948673 0.06061017]
[0.02598837 0.06844158]
[0.96119657 0.96119657]
[0.9722593  0.93545774]

956
956
23681
23681
0.9611965742582295
0.9611965742582295
0.9611965742582295
0.9611965742582295
0.03880342574177051
0.03880342574177051
0.03880342574177051
0.9611965742582295
0.9611965742582295

tensor(0.9394)
tensor(0.9316)
tensor(0.9355)
