Counter({0.0: 17319, 1.0: 7318})

[294 132]
[132 294]
[17187  7024]
[ 7024 17187]
[0.99237831 0.95982509]
[0.95982509 0.99237831]
[0.98318174 0.98155394]
[0.98155394 0.98318174]
[0.04017491 0.00762169]
[0.00762169 0.04017491]
[0.01681826 0.01844606]
[0.98270893 0.98270893]
[0.98775862 0.97056791]

426
426
24211
24211
0.9827089337175793
0.9827089337175793
0.9827089337175793
0.9827089337175793
0.01729106628242075
0.01729106628242075
0.01729106628242075
0.9827089337175793
0.9827089337175793

tensor(0.9598)
tensor(0.9816)
tensor(0.9706)
