Counter({0.0: 18446, 1.0: 7410})

[537 571]
[571 537]
[17875  6873]
[ 6873 17875]
[0.96904478 0.92753036]
[0.92753036 0.96904478]
[0.97083424 0.92329393]
[0.92329393 0.97083424]
[0.07246964 0.03095522]
[0.03095522 0.07246964]
[0.02916576 0.07670607]
[0.95714728 0.95714728]
[0.96993868 0.9254073 ]

1108
1108
24748
24748
0.9571472772277227
0.9571472772277227
0.9571472772277227
0.9571472772277227
0.04285272277227723
0.04285272277227723
0.04285272277227723
0.9571472772277227
0.9571472772277227

tensor(0.9275)
tensor(0.9233)
tensor(0.9254)
