Counter({1.0: 24469, 0.0: 18480})

[412 299]
[299 412]
[18181 24057]
[24057 18181]
[0.98382035 0.98316237]
[0.98316237 0.98382035]
[0.97784112 0.98772376]
[0.98772376 0.97784112]
[0.01683763 0.01617965]
[0.01617965 0.01683763]
[0.02215888 0.01227624]
[0.98344548 0.98344548]
[0.98082162 0.98543779]

711
711
42238
42238
0.9834454818505669
0.9834454818505669
0.9834454818505669
0.9834454818505669
0.01655451814943305
0.01655451814943305
0.01655451814943305
0.9834454818505669
0.9834454818505669

tensor(0.9832)
tensor(0.9877)
tensor(0.9854)
