Counter({1.0: 24279, 0.0: 7418})

[188 260]
[260 188]
[ 7158 24091]
[24091  7158]
[0.96495012 0.99225668]
[0.99225668 0.96495012]
[0.97440784 0.98932282]
[0.98932282 0.97440784]
[0.00774332 0.03504988]
[0.03504988 0.00774332]
[0.02559216 0.01067718]
[0.98586617 0.98586617]
[0.96965592 0.99078758]

448
448
31249
31249
0.9858661703000284
0.9858661703000284
0.9858661703000284
0.9858661703000284
0.014133829699971606
0.014133829699971606
0.014133829699971606
0.9858661703000284
0.9858661703000284

tensor(0.9923)
tensor(0.9893)
tensor(0.9908)
