Counter({3.0: 24351, 0.0: 18675, 1.0: 17277, 2.0: 7284})

[1625 2485  980 2079]
[2952 2143  874 1200]
[15723 15134  6410 23151]
[47287 47825 59323 41157]
[0.84192771 0.87596226 0.88001098 0.95072071]
[0.96677707 0.95060624 0.98374874 0.95191507]
[0.90632926 0.85895908 0.86738836 0.9175981 ]
[0.94124087 0.95711255 0.985481   0.97166938]
[0.03322293 0.04939376 0.01625126 0.04808493]
[0.15807229 0.12403774 0.11998902 0.04927929]
[0.09367074 0.14104092 0.13261164 0.0824019 ]
[0.93227988 0.93152529 0.97256869 0.95148475]
[0.87294229 0.86737735 0.87365408 0.9338658 ]

7169
7169
60418
195592
0.893929305931614
0.9646431019772047
0.893929305931614
0.9646431019772047
0.03535689802279531
0.10607069406838593
0.10607069406838593
0.946964652965807
0.893929305931614

tensor(0.8872)
tensor(0.8876)
tensor(0.8870)
