Counter({2.0: 24308, 0.0: 18598, 1.0: 17378})

[1426 2565 1549]
[2484 1833 1223]
[16114 15545 23085]
[40260 40341 34427]
[0.86643725 0.89452181 0.94968735]
[0.96579187 0.94021815 0.95694352]
[0.91870011 0.85836554 0.93711943]
[0.94188658 0.9565372  0.96569425]
[0.03420813 0.05978185 0.04305648]
[0.13356275 0.10547819 0.05031265]
[0.08129989 0.14163446 0.06288057]
[0.93514034 0.92704532 0.95401765]
[0.89180364 0.87607078 0.94336153]

5540
5540
54744
115028
0.9081016521796829
0.9540508260898414
0.9081016521796829
0.9540508260898414
0.04594917391015858
0.09189834782031717
0.09189834782031717
0.9387344347864552
0.9081016521796829

tensor(0.9035)
tensor(0.9047)
tensor(0.9037)
