Counter({0.0: 18511, 1.0: 7345})

[267 556]
[556 267]
[17955  7078]
[ 7078 17955]
[0.96996381 0.96364874]
[0.96364874 0.96996381]
[0.98534738 0.92716793]
[0.92716793 0.98534738]
[0.03635126 0.03003619]
[0.03003619 0.03635126]
[0.01465262 0.07283207]
[0.96816986 0.96816986]
[0.97759508 0.94505641]

823
823
25033
25033
0.9681698638613861
0.9681698638613861
0.9681698638613861
0.9681698638613861
0.03183013613861386
0.03183013613861386
0.03183013613861386
0.9681698638613861
0.9681698638613861

tensor(0.9636)
tensor(0.9272)
tensor(0.9451)
