Counter({0.0: 18588, 1.0: 7268})

[258 390]
[390 258]
[18198  7010]
[ 7010 18198]
[0.97901872 0.96450193]
[0.96450193 0.97901872]
[0.98602081 0.9472973 ]
[0.9472973  0.98602081]
[0.03549807 0.02098128]
[0.02098128 0.03549807]
[0.01397919 0.0527027 ]
[0.97493812 0.97493812]
[0.98250729 0.9558222 ]

648
648
25208
25208
0.9749381188118812
0.9749381188118812
0.9749381188118812
0.9749381188118812
0.025061881188118813
0.025061881188118813
0.025061881188118813
0.9749381188118812
0.9749381188118812

tensor(0.9645)
tensor(0.9473)
tensor(0.9558)
