Counter({3.0: 24238, 0.0: 18683, 1.0: 17471, 2.0: 7195})

[1221 1581  543  696]
[1709 1218  476  638]
[16974 16253  6719 23600]
[47683 48535 59849 42653]
[0.90852647 0.93028447 0.93384295 0.9736777 ]
[0.97503272 0.96845319 0.99100874 0.98394427]
[0.93289365 0.91134911 0.92522721 0.97135331]
[0.96539925 0.97551906 0.99210941 0.98526253]
[0.02496728 0.03154681 0.00899126 0.01605573]
[0.09147353 0.06971553 0.06615705 0.0263223 ]
[0.06710635 0.08865089 0.07477279 0.02864669]
[0.95664847 0.95858671 0.98492314 0.98026248]
[0.92054884 0.92071944 0.92951511 0.97251411]

4041
4041
63546
198720
0.940210395490257
0.9800701318300856
0.940210395490257
0.9800701318300856
0.019929868169914332
0.059789604509743
0.059789604509743
0.9701051977451285
0.940210395490257

tensor(0.9366)
tensor(0.9352)
tensor(0.9358)
