Counter({0.0: 17312, 1.0: 7325})

[283 241]
[241 283]
[17071  7042]
[ 7042 17071]
[0.98607902 0.96136519]
[0.96136519 0.98607902]
[0.98369252 0.96690924]
[0.96690924 0.98369252]
[0.03863481 0.01392098]
[0.01392098 0.03863481]
[0.01630748 0.03309076]
[0.97873118 0.97873118]
[0.98488432 0.96412924]

524
524
24113
24113
0.978731176685473
0.978731176685473
0.978731176685473
0.978731176685473
0.02126882331452693
0.02126882331452693
0.02126882331452693
0.978731176685473
0.978731176685473

tensor(0.9614)
tensor(0.9669)
tensor(0.9641)
