Counter({1.0: 24432, 0.0: 17298})

[328 339]
[339 328]
[16959 24104]
[24104 16959]
[0.98040236 0.98657498]
[0.98657498 0.98040236]
[0.9810262 0.986131 ]
[0.986131  0.9810262]
[0.01342502 0.01959764]
[0.01959764 0.01342502]
[0.0189738 0.013869 ]
[0.9840163 0.9840163]
[0.98071418 0.98635294]

667
667
41063
41063
0.9840162952312485
0.9840162952312485
0.9840162952312485
0.9840162952312485
0.015983704768751498
0.015983704768751498
0.015983704768751498
0.9840162952312485
0.9840162952312485

tensor(0.9866)
tensor(0.9861)
tensor(0.9864)
