Counter({0.0: 18606, 1.0: 17318, 2.0: 7268})

[2035 2042  459]
[1874 1654 1008]
[16732 15664  6260]
[22551 23832 35465]
[0.8992798  0.90449244 0.86130985]
[0.91722932 0.92107908 0.98722303]
[0.89156498 0.88467186 0.93168626]
[0.92327533 0.93510162 0.97236312]
[0.08277068 0.07892092 0.01277697]
[0.1007202  0.09550756 0.13869015]
[0.10843502 0.11532814 0.06831374]
[0.90949713 0.9144286  0.96603538]
[0.89540577 0.89447236 0.89511689]

4536
4536
38656
81848
0.8949805519540656
0.9474902759770328
0.8949805519540656
0.9474902759770328
0.05250972402296722
0.10501944804593444
0.10501944804593444
0.9299870346360437
0.8949805519540656

tensor(0.8884)
tensor(0.9026)
tensor(0.8950)
