Counter({3.0: 24316, 0.0: 18582, 1.0: 17342, 2.0: 7347})

[1833 1427  551  692]
[1409 1673  679  742]
[17173 15669  6668 23574]
[47172 48818 59689 42579]
[0.92417393 0.903529   0.90758133 0.96948511]
[0.96259565 0.97159916 0.99085325 0.98400777]
[0.90355677 0.91653018 0.92367364 0.97148273]
[0.97099689 0.96686538 0.98875232 0.98287205]
[0.03740435 0.02840084 0.00914675 0.01599223]
[0.07582607 0.096471   0.09241867 0.03051489]
[0.09644323 0.08346982 0.07632636 0.02851727]
[0.9520322  0.95413319 0.98180123 0.9787829 ]
[0.91374907 0.90998316 0.91555678 0.97048289]

4503
4503
63084
198258
0.933374761418616
0.9777915871395386
0.933374761418616
0.9777915871395386
0.02220841286046133
0.066625238581384
0.066625238581384
0.966687380709308
0.933374761418616

tensor(0.9262)
tensor(0.9288)
tensor(0.9274)
