Counter({2.0: 24255, 0.0: 18616, 1.0: 17413})

[1977 1043  622]
[ 994 1953  695]
[17622 15460 23560]
[39691 41828 35407]
[0.94660507 0.88784242 0.97134611]
[0.95255352 0.9756712  0.98273613]
[0.89912751 0.93679937 0.97427839]
[0.97556839 0.95539161 0.98074899]
[0.04744648 0.0243288  0.01726387]
[0.05339493 0.11215758 0.02865389]
[0.10087249 0.06320063 0.02572161]
[0.95071661 0.9503019  0.97815341]
[0.92225566 0.91166411 0.97281004]

3642
3642
56642
116926
0.9395859597903258
0.9697929798951629
0.9395859597903258
0.9697929798951629
0.030207020104837105
0.06041404020967421
0.06041404020967421
0.9597239731935505
0.9395859597903258

tensor(0.9353)
tensor(0.9367)
tensor(0.9356)
