Counter({1.0: 24529, 0.0: 17201})

[284 636]
[636 284]
[16565 24245]
[24245 16565]
[0.96302541 0.98842187]
[0.98842187 0.96302541]
[0.9831444  0.97443833]
[0.97443833 0.9831444 ]
[0.01157813 0.03697459]
[0.03697459 0.01157813]
[0.0168556  0.02556167]
[0.97795351 0.97795351]
[0.97298091 0.98138029]

920
920
40810
40810
0.977953510663791
0.977953510663791
0.977953510663791
0.977953510663791
0.022046489336208962
0.022046489336208962
0.022046489336208962
0.977953510663791
0.977953510663791

tensor(0.9884)
tensor(0.9744)
tensor(0.9814)
