Counter({2.0: 24364, 0.0: 18623, 1.0: 17297})

[1402  742  976]
[1113 1639  368]
[17510 15658 23996]
[40259 42245 34944]
[0.94023519 0.90524368 0.98489575]
[0.96634742 0.98273897 0.97282851]
[0.92586717 0.9547561  0.96091623]
[0.97309775 0.96265154 0.98957861]
[0.03365258 0.01726103 0.02717149]
[0.05976481 0.09475632 0.01510425]
[0.07413283 0.0452439  0.03908377]
[0.9582808  0.96050362 0.97770553]
[0.93299587 0.92934089 0.97275823]

3120
3120
57164
117448
0.9482449737907239
0.974122486895362
0.9482449737907239
0.974122486895362
0.025877513104638046
0.05175502620927609
0.05175502620927609
0.965496649193816
0.9482449737907239

tensor(0.9435)
tensor(0.9472)
tensor(0.9450)
