Counter({0.0: 18436, 1.0: 17453})

[ 847 1459]
[1459  847]
[16977 16606]
[16606 16977]
[0.92086136 0.95146966]
[0.95146966 0.92086136]
[0.9524798  0.91923609]
[0.91923609 0.9524798 ]
[0.04853034 0.07913864]
[0.07913864 0.04853034]
[0.0475202  0.08076391]
[0.93574633 0.93574633]
[0.93640375 0.93507517]

2306
2306
33583
33583
0.9357463289587339
0.9357463289587339
0.9357463289587339
0.9357463289587339
0.06425367104126613
0.06425367104126613
0.06425367104126613
0.9357463289587339
0.9357463289587339

tensor(0.9515)
tensor(0.9192)
tensor(0.9351)
