Counter({2.0: 24481, 0.0: 17329, 1.0: 7222})

[1098  877 1105]
[1229  619 1232]
[16100  6603 23249]
[30605 40933 23446]
[0.92907842 0.91428967 0.94967526]
[0.96536605 0.97902416 0.95499165]
[0.93615537 0.88275401 0.95462758]
[0.96139348 0.985103   0.95007699]
[0.03463395 0.02097584 0.04500835]
[0.07092158 0.08571033 0.05032474]
[0.06384463 0.11724599 0.04537242]
[0.9525412  0.96948931 0.95233725]
[0.93260347 0.89824514 0.95214498]

3080
3080
45952
94984
0.9371838799151575
0.9685919399575788
0.9371838799151575
0.9685919399575788
0.031408060042421276
0.06281612008484255
0.06281612008484255
0.958122586610105
0.9371838799151575

tensor(0.9310)
tensor(0.9245)
tensor(0.9277)
