Counter({0.0: 18548, 1.0: 17341})

[1271  705]
[ 705 1271]
[17843 16070]
[16070 17843]
[0.96199051 0.9267055 ]
[0.9267055  0.96199051]
[0.93350424 0.95797317]
[0.95797317 0.93350424]
[0.0732945  0.03800949]
[0.03800949 0.0732945 ]
[0.06649576 0.04202683]
[0.94494135 0.94494135]
[0.94753332 0.94207996]

1976
1976
33913
33913
0.9449413469308144
0.9449413469308144
0.9449413469308144
0.9449413469308144
0.055058653069185545
0.055058653069185545
0.055058653069185545
0.9449413469308144
0.9449413469308144

tensor(0.9267)
tensor(0.9580)
tensor(0.9421)
