Counter({2.0: 24345, 0.0: 18599, 1.0: 7308})

[800 263 377]
[386 526 528]
[18213  6782 23817]
[30853 42681 25530]
[0.9792462  0.92802408 0.97831177]
[0.97472593 0.99387575 0.98544795]
[0.95792353 0.96266856 0.98441762]
[0.98764365 0.98782605 0.97973751]
[0.02527407 0.00612425 0.01455205]
[0.0207538  0.07197592 0.02168823]
[0.04207647 0.03733144 0.01558238]
[0.97639895 0.98429913 0.98199077]
[0.96846751 0.94502891 0.9813552 ]

1440
1440
48812
99064
0.9713444241025233
0.9856722120512617
0.9713444241025233
0.9856722120512617
0.014327787948738359
0.028655575897476717
0.028655575897476717
0.9808962827350155
0.9713444241025233

tensor(0.9619)
tensor(0.9683)
tensor(0.9650)
