Counter({0.0: 18611, 1.0: 17261, 2.0: 7320})

[1707 1075  306]
[1083 1407  598]
[17528 15854  6722]
[22874 24856 35566]
[0.94180861 0.91848676 0.91830601]
[0.93055612 0.95854383 0.99146967]
[0.91125552 0.9364995  0.95645987]
[0.95479401 0.94642653 0.98346422]
[0.06944388 0.04145617 0.00853033]
[0.05819139 0.08151324 0.08169399]
[0.08874448 0.0635005  0.04354013]
[0.9354047  0.94253565 0.9790702 ]
[0.92628019 0.92740567 0.9369947 ]

3088
3088
40104
83296
0.9285052787553251
0.9642526393776625
0.9285052787553251
0.9642526393776625
0.03574736062233747
0.07149472124467494
0.07149472124467494
0.95233685250355
0.9285052787553251

tensor(0.9262)
tensor(0.9347)
tensor(0.9302)
