Counter({2.0: 24499, 0.0: 17275, 1.0: 7258})

[485 268 412]
[373 307 485]
[16902  6951 24014]
[31272 41506 24121]
[0.9784081  0.95770185 0.98020327]
[0.98472778 0.99358453 0.98320629]
[0.9721056  0.96287574 0.98313273]
[0.98821299 0.99265779 0.98028936]
[0.01527222 0.00641547 0.01679371]
[0.0215919  0.04229815 0.01979673]
[0.0278944  0.03712426 0.01686727]
[0.98250122 0.98827296 0.98170582]
[0.97524667 0.96028183 0.98166582]

1165
1165
47867
96899
0.9762400065263501
0.9881200032631751
0.9762400065263501
0.9881200032631751
0.011879996736824931
0.023759993473649862
0.023759993473649862
0.9841600043509001
0.9762400065263502

tensor(0.9721)
tensor(0.9727)
tensor(0.9724)
