Counter({1.0: 24283, 0.0: 18666})

[800 864]
[864 800]
[17802 23483]
[23483 17802]
[0.95371263 0.96705514]
[0.96705514 0.95371263]
[0.95699387 0.96451308]
[0.96451308 0.95699387]
[0.03294486 0.04628737]
[0.04628737 0.03294486]
[0.04300613 0.03548692]
[0.96125637 0.96125637]
[0.95535043 0.96578244]

1664
1664
41285
41285
0.961256373838739
0.961256373838739
0.961256373838739
0.961256373838739
0.03874362616126103
0.03874362616126103
0.03874362616126103
0.961256373838739
0.961256373838739

tensor(0.9671)
tensor(0.9645)
tensor(0.9658)
